claim_id,model,claim_tokens,retrieved_docs,retrieved_doc_tokens_total,retrieved_total_tokens,evidence_docs,evidence_doc_tokens_total,evidence_total_tokens
7,paragraph_joint,22,50,455,477,1,2,24
8,paragraph_joint,27,50,593,620,0,0,27
16,paragraph_joint,20,50,486,506,0,0,20
23,paragraph_joint,25,50,589,614,0,0,25
29,paragraph_joint,22,50,548,570,4,42,64
31,paragraph_joint,23,50,528,551,1,10,33
33,paragraph_joint,16,50,540,556,2,20,36
38,paragraph_joint,17,50,491,508,0,0,17
59,paragraph_joint,22,50,441,463,1,6,28
65,paragraph_joint,14,50,491,505,0,0,14
83,paragraph_joint,25,50,486,511,0,0,25
84,paragraph_joint,17,50,430,447,1,6,23
87,paragraph_joint,18,50,395,413,1,6,24
97,paragraph_joint,18,50,541,559,1,19,37
101,paragraph_joint,18,50,442,460,0,0,18
102,paragraph_joint,15,50,494,509,0,0,15
103,paragraph_joint,32,50,486,518,0,0,32
107,paragraph_joint,18,50,528,546,7,53,71
110,paragraph_joint,24,50,443,467,1,5,29
117,paragraph_joint,21,50,513,534,3,24,45
125,paragraph_joint,25,50,445,470,0,0,25
131,paragraph_joint,13,50,485,498,2,26,39
135,paragraph_joint,24,50,552,576,0,0,24
136,paragraph_joint,20,50,556,576,0,0,20
145,paragraph_joint,34,50,456,490,2,22,56
147,paragraph_joint,33,50,475,508,2,20,53
150,paragraph_joint,14,50,448,462,2,14,28
151,paragraph_joint,10,50,424,434,4,37,47
158,paragraph_joint,26,50,447,473,7,68,94
162,paragraph_joint,16,50,430,446,3,26,42
170,paragraph_joint,11,50,483,494,26,266,277
188,paragraph_joint,28,50,373,401,1,7,35
190,paragraph_joint,30,50,445,475,0,0,30
191,paragraph_joint,16,50,492,508,2,19,35
192,paragraph_joint,16,50,514,530,2,19,35
193,paragraph_joint,20,50,446,466,1,9,29
194,paragraph_joint,20,50,388,408,0,0,20
195,paragraph_joint,20,50,384,404,0,0,20
202,paragraph_joint,24,50,489,513,7,63,87
206,paragraph_joint,13,50,392,405,1,6,19
207,paragraph_joint,13,50,492,505,7,73,86
215,paragraph_joint,12,50,394,406,0,0,12
231,paragraph_joint,23,50,463,486,1,10,33
234,paragraph_joint,19,50,455,474,3,20,39
240,paragraph_joint,14,50,440,454,0,0,14
257,paragraph_joint,15,50,448,463,0,0,15
260,paragraph_joint,22,50,468,490,2,19,41
270,paragraph_joint,9,50,488,497,0,0,9
271,paragraph_joint,12,50,471,483,0,0,12
273,paragraph_joint,38,50,651,689,1,16,54
276,paragraph_joint,31,50,435,466,5,38,69
282,paragraph_joint,18,50,377,395,1,6,24
284,paragraph_joint,15,50,513,528,3,29,44
288,paragraph_joint,28,50,436,464,2,16,44
289,paragraph_joint,17,50,371,388,0,0,17
291,paragraph_joint,20,50,845,865,1,14,34
297,paragraph_joint,25,50,402,427,1,11,36
302,paragraph_joint,25,50,454,479,0,0,25
307,paragraph_joint,15,50,458,473,2,18,33
311,paragraph_joint,19,50,485,504,6,61,80
318,paragraph_joint,24,50,487,511,0,0,24
319,paragraph_joint,24,50,476,500,0,0,24
320,paragraph_joint,24,50,434,458,1,8,32
321,paragraph_joint,25,50,425,450,1,8,33
322,paragraph_joint,23,50,448,471,1,5,28
328,paragraph_joint,17,50,459,476,1,5,22
329,paragraph_joint,25,50,443,468,1,11,36
344,paragraph_joint,26,50,483,509,0,0,26
348,paragraph_joint,25,50,510,535,2,32,57
353,paragraph_joint,13,50,471,484,0,0,13
359,paragraph_joint,19,50,449,468,1,5,24
360,paragraph_joint,19,50,465,484,1,5,24
373,paragraph_joint,23,50,420,443,0,0,23
374,paragraph_joint,22,50,418,440,4,36,58
387,paragraph_joint,19,50,390,409,0,0,19
395,paragraph_joint,14,50,493,507,2,28,42
402,paragraph_joint,30,50,500,530,0,0,30
408,paragraph_joint,19,50,457,476,0,0,19
409,paragraph_joint,21,50,459,480,0,0,21
412,paragraph_joint,27,50,412,439,0,0,27
419,paragraph_joint,31,50,445,476,1,9,40
424,paragraph_joint,26,50,522,548,0,0,26
433,paragraph_joint,13,50,414,427,0,0,13
438,paragraph_joint,30,50,588,618,0,0,30
442,paragraph_joint,15,50,471,486,1,8,23
446,paragraph_joint,24,50,469,493,4,41,65
451,paragraph_joint,13,50,499,512,3,17,30
457,paragraph_joint,19,50,489,508,0,0,19
459,paragraph_joint,23,50,496,519,1,7,30
460,paragraph_joint,15,50,468,483,2,21,36
462,paragraph_joint,19,50,474,493,1,8,27
464,paragraph_joint,22,50,383,405,1,6,28
465,paragraph_joint,22,50,385,407,1,6,28
467,paragraph_joint,25,50,579,604,0,0,25
468,paragraph_joint,12,50,520,532,0,0,12
471,paragraph_joint,32,50,429,461,0,0,32
476,paragraph_joint,19,50,452,471,0,0,19
477,paragraph_joint,21,50,420,441,0,0,21
496,paragraph_joint,13,50,483,496,0,0,13
497,paragraph_joint,13,50,500,513,0,0,13
510,paragraph_joint,24,50,429,453,0,0,24
511,paragraph_joint,24,50,429,453,0,0,24
512,paragraph_joint,13,50,578,591,0,0,13
518,paragraph_joint,12,50,473,485,2,18,30
519,paragraph_joint,20,50,492,512,1,8,28
520,paragraph_joint,20,50,497,517,0,0,20
522,paragraph_joint,11,50,486,497,1,18,29
534,paragraph_joint,16,50,451,467,8,73,89
538,paragraph_joint,12,50,487,499,1,13,25
543,paragraph_joint,28,50,436,464,1,5,33
546,paragraph_joint,17,50,479,496,2,12,29
556,paragraph_joint,20,50,459,479,0,0,20
558,paragraph_joint,18,50,472,490,0,0,18
561,paragraph_joint,24,50,460,484,0,0,24
567,paragraph_joint,33,50,416,449,4,34,67
581,paragraph_joint,24,50,405,429,1,7,31
586,paragraph_joint,16,50,508,524,0,0,16
596,paragraph_joint,16,50,545,561,1,15,31
599,paragraph_joint,13,50,538,551,12,116,129
608,paragraph_joint,18,50,472,490,0,0,18
627,paragraph_joint,26,50,506,532,2,17,43
629,paragraph_joint,24,50,519,543,0,0,24
630,paragraph_joint,20,50,492,512,1,11,31
634,paragraph_joint,30,50,459,489,1,5,35
639,paragraph_joint,26,50,452,478,0,0,26
656,paragraph_joint,25,50,393,418,2,12,37
664,paragraph_joint,25,50,454,479,1,6,31
675,paragraph_joint,11,50,434,445,0,0,11
678,paragraph_joint,12,50,420,432,3,24,36
695,paragraph_joint,23,50,482,505,1,4,27
697,paragraph_joint,14,50,443,457,0,0,14
699,paragraph_joint,29,50,508,537,0,0,29
701,paragraph_joint,18,50,422,440,0,0,18
711,paragraph_joint,24,50,447,471,1,14,38
712,paragraph_joint,24,50,472,496,1,14,38
719,paragraph_joint,18,50,593,611,1,13,31
720,paragraph_joint,16,50,627,643,1,13,29
722,paragraph_joint,27,50,504,531,1,6,33
731,paragraph_joint,23,50,396,419,0,0,23
735,paragraph_joint,18,50,429,447,3,26,44
741,paragraph_joint,28,50,475,503,1,9,37
750,paragraph_joint,15,50,488,503,0,0,15
754,paragraph_joint,11,50,534,545,0,0,11
763,paragraph_joint,25,50,545,570,0,0,25
769,paragraph_joint,18,50,496,514,2,10,28
786,paragraph_joint,28,50,475,503,0,0,28
794,paragraph_joint,15,50,379,394,6,39,54
796,paragraph_joint,15,50,460,475,3,19,34
806,paragraph_joint,18,50,487,505,2,13,31
809,paragraph_joint,23,50,436,459,3,23,46
819,paragraph_joint,16,50,456,472,4,27,43
824,paragraph_joint,18,50,491,509,1,16,34
827,paragraph_joint,17,50,440,457,0,0,17
829,paragraph_joint,18,50,518,536,0,0,18
833,paragraph_joint,16,50,426,442,2,13,29
836,paragraph_joint,18,50,415,433,0,0,18
842,paragraph_joint,19,50,379,398,2,10,29
843,paragraph_joint,19,50,386,405,2,10,29
849,paragraph_joint,20,50,606,626,1,15,35
850,paragraph_joint,39,50,440,479,5,42,81
851,paragraph_joint,22,50,478,500,1,17,39
862,paragraph_joint,22,50,513,535,1,6,28
864,paragraph_joint,16,50,425,441,2,10,26
865,paragraph_joint,27,50,410,437,1,8,35
868,paragraph_joint,8,50,654,662,4,45,53
869,paragraph_joint,8,50,654,662,4,45,53
872,paragraph_joint,12,50,474,486,10,96,108
874,paragraph_joint,9,50,592,601,2,20,29
875,paragraph_joint,9,50,590,599,2,20,29
878,paragraph_joint,22,50,498,520,0,0,22
888,paragraph_joint,24,50,605,629,0,0,24
889,paragraph_joint,24,50,595,619,2,72,96
892,paragraph_joint,19,50,418,437,1,6,25
905,paragraph_joint,18,50,389,407,0,0,18
906,paragraph_joint,19,50,381,400,0,0,19
915,paragraph_joint,28,50,421,449,0,0,28
918,paragraph_joint,15,50,667,682,0,0,15
920,paragraph_joint,15,50,518,533,3,28,43
924,paragraph_joint,16,50,543,559,1,10,26
931,paragraph_joint,17,50,443,460,1,7,24
932,paragraph_joint,18,50,471,489,0,0,18
937,paragraph_joint,13,50,464,477,0,0,13
943,paragraph_joint,18,50,459,477,1,8,26
947,paragraph_joint,21,50,505,526,0,0,21
950,paragraph_joint,17,50,449,466,0,0,17
958,paragraph_joint,35,50,448,483,1,6,41
961,paragraph_joint,22,50,497,519,4,32,54
966,paragraph_joint,25,50,457,482,0,0,25
968,paragraph_joint,27,50,447,474,1,6,33
981,paragraph_joint,32,50,476,508,2,17,49
983,paragraph_joint,26,50,448,474,1,8,34
986,paragraph_joint,22,50,433,455,1,15,37
987,paragraph_joint,20,50,468,488,0,0,20
991,paragraph_joint,11,50,443,454,1,8,19
995,paragraph_joint,23,50,416,439,1,8,31
1010,paragraph_joint,24,50,531,555,1,18,42
1013,paragraph_joint,12,50,449,461,1,6,18
1017,paragraph_joint,13,50,486,499,1,11,24
1022,paragraph_joint,24,50,518,542,4,43,67
1039,paragraph_joint,29,50,396,425,2,16,45
1051,paragraph_joint,19,50,595,614,4,47,66
1057,paragraph_joint,18,50,484,502,2,6,24
1059,paragraph_joint,28,50,379,407,1,7,35
1060,paragraph_joint,29,50,368,397,1,7,36
1061,paragraph_joint,26,50,427,453,1,12,38
1063,paragraph_joint,23,50,482,505,1,12,35
1064,paragraph_joint,17,50,452,469,1,7,24
1066,paragraph_joint,17,50,466,483,2,8,25
1076,paragraph_joint,10,50,440,450,3,24,34
1077,paragraph_joint,10,50,457,467,4,32,42
1080,paragraph_joint,12,50,477,489,1,18,30
1082,paragraph_joint,17,50,634,651,2,36,53
1083,paragraph_joint,17,50,540,557,0,0,17
1092,paragraph_joint,23,50,372,395,1,8,31
1093,paragraph_joint,24,50,397,421,1,8,32
1094,paragraph_joint,14,50,589,603,0,0,14
1095,paragraph_joint,19,50,453,472,2,21,40
1108,paragraph_joint,13,50,472,485,1,9,22
1113,paragraph_joint,24,50,424,448,2,16,40
1116,paragraph_joint,17,50,453,470,4,37,54
1117,paragraph_joint,18,50,434,452,0,0,18
1122,paragraph_joint,22,50,433,455,1,8,30
1123,paragraph_joint,23,50,428,451,2,17,40
1124,paragraph_joint,23,50,438,461,1,8,31
1129,paragraph_joint,24,50,390,414,0,0,24
1131,paragraph_joint,30,50,436,466,1,5,35
1143,paragraph_joint,24,50,482,506,4,45,69
1147,paragraph_joint,15,50,526,541,5,54,69
1149,paragraph_joint,17,50,420,437,0,0,17
1151,paragraph_joint,37,50,507,544,1,19,56
1152,paragraph_joint,37,50,501,538,0,0,37
1154,paragraph_joint,38,50,410,448,1,7,45
1155,paragraph_joint,15,50,547,562,1,15,30
1160,paragraph_joint,12,50,497,509,1,15,27
1167,paragraph_joint,34,50,435,469,0,0,34
1172,paragraph_joint,21,50,441,462,2,14,35
1189,paragraph_joint,26,50,483,509,0,0,26
1192,paragraph_joint,24,50,457,481,0,0,24
1198,paragraph_joint,24,50,413,437,0,0,24
1201,paragraph_joint,40,50,457,497,0,0,40
1203,paragraph_joint,21,50,497,518,0,0,21
1217,paragraph_joint,76,50,466,542,0,0,76
1222,paragraph_joint,15,50,438,453,1,5,20
1233,paragraph_joint,16,50,436,452,1,6,22
1240,paragraph_joint,21,50,438,459,2,17,38
1242,paragraph_joint,15,50,443,458,2,13,28
1243,paragraph_joint,23,50,503,526,0,0,23
1250,paragraph_joint,65,50,496,561,0,0,65
1251,paragraph_joint,39,50,450,489,2,18,57
1252,paragraph_joint,39,50,440,479,1,11,50
1256,paragraph_joint,25,50,540,565,0,0,25
1264,paragraph_joint,20,50,438,458,0,0,20
1267,paragraph_joint,18,50,469,487,3,24,42
1277,paragraph_joint,19,50,497,516,1,9,28
1283,paragraph_joint,19,50,528,547,1,12,31
1285,paragraph_joint,19,50,464,483,0,0,19
1286,paragraph_joint,26,50,502,528,1,4,30
1287,paragraph_joint,19,50,456,475,1,6,25
1296,paragraph_joint,19,50,449,468,3,28,47
1299,paragraph_joint,35,50,509,544,1,16,51
1301,paragraph_joint,25,50,520,545,0,0,25
1313,paragraph_joint,29,50,434,463,1,6,35
1317,paragraph_joint,33,50,435,468,0,0,33
1318,paragraph_joint,18,50,487,505,2,17,35
1321,paragraph_joint,23,50,496,519,1,7,30
1326,paragraph_joint,16,50,469,485,2,23,39
1329,paragraph_joint,23,50,484,507,1,9,32
1338,paragraph_joint,22,50,440,462,1,7,29
1343,paragraph_joint,34,50,429,463,0,0,34
1354,paragraph_joint,19,50,486,505,1,6,25
1357,paragraph_joint,20,50,433,453,1,6,26
1365,paragraph_joint,21,50,566,587,0,0,21
1369,paragraph_joint,16,50,483,499,2,17,33
1377,paragraph_joint,16,50,475,491,7,80,96
1384,paragraph_joint,21,50,389,410,1,6,27
1388,paragraph_joint,16,50,486,502,1,5,21
1396,paragraph_joint,16,50,444,460,1,2,18
1399,paragraph_joint,19,50,489,508,1,13,32
1408,paragraph_joint,16,50,439,455,0,0,16
7,arsjoint,22,50,455,477,3,40,62
8,arsjoint,27,50,593,620,1,6,33
16,arsjoint,20,50,486,506,0,0,20
23,arsjoint,25,50,589,614,0,0,25
29,arsjoint,22,50,548,570,2,27,49
31,arsjoint,23,50,528,551,1,10,33
33,arsjoint,16,50,540,556,3,27,43
38,arsjoint,17,50,491,508,1,6,23
59,arsjoint,22,50,441,463,1,6,28
65,arsjoint,14,50,491,505,0,0,14
83,arsjoint,25,50,486,511,0,0,25
84,arsjoint,17,50,430,447,2,13,30
87,arsjoint,18,50,395,413,1,6,24
97,arsjoint,18,50,541,559,1,19,37
101,arsjoint,18,50,442,460,1,5,23
102,arsjoint,15,50,494,509,0,0,15
103,arsjoint,32,50,486,518,0,0,32
107,arsjoint,18,50,528,546,8,68,86
110,arsjoint,24,50,443,467,0,0,24
117,arsjoint,21,50,513,534,1,5,26
125,arsjoint,25,50,445,470,0,0,25
131,arsjoint,13,50,485,498,3,20,33
135,arsjoint,24,50,552,576,1,15,39
136,arsjoint,20,50,556,576,2,25,45
145,arsjoint,34,50,456,490,2,20,54
147,arsjoint,33,50,475,508,2,20,53
150,arsjoint,14,50,448,462,2,13,27
151,arsjoint,10,50,424,434,8,75,85
158,arsjoint,26,50,447,473,2,25,51
162,arsjoint,16,50,430,446,1,13,29
170,arsjoint,11,50,483,494,8,94,105
188,arsjoint,28,50,373,401,1,7,35
190,arsjoint,30,50,445,475,0,0,30
191,arsjoint,16,50,492,508,2,18,34
192,arsjoint,16,50,514,530,1,12,28
193,arsjoint,20,50,446,466,0,0,20
194,arsjoint,20,50,388,408,0,0,20
195,arsjoint,20,50,384,404,1,13,33
202,arsjoint,24,50,489,513,2,15,39
206,arsjoint,13,50,392,405,1,6,19
207,arsjoint,13,50,492,505,6,68,81
215,arsjoint,12,50,394,406,0,0,12
231,arsjoint,23,50,463,486,0,0,23
234,arsjoint,19,50,455,474,1,8,27
240,arsjoint,14,50,440,454,0,0,14
257,arsjoint,15,50,448,463,1,12,27
260,arsjoint,22,50,468,490,7,82,104
270,arsjoint,9,50,488,497,0,0,9
271,arsjoint,12,50,471,483,2,15,27
273,arsjoint,38,50,651,689,1,16,54
276,arsjoint,31,50,435,466,5,46,77
282,arsjoint,18,50,377,395,1,6,24
284,arsjoint,15,50,513,528,2,17,32
288,arsjoint,28,50,436,464,4,48,76
289,arsjoint,17,50,371,388,1,5,22
291,arsjoint,20,50,845,865,1,14,34
297,arsjoint,25,50,402,427,1,11,36
302,arsjoint,25,50,454,479,0,0,25
307,arsjoint,15,50,458,473,1,10,25
311,arsjoint,19,50,485,504,4,38,57
318,arsjoint,24,50,487,511,0,0,24
319,arsjoint,24,50,476,500,0,0,24
320,arsjoint,24,50,434,458,1,8,32
321,arsjoint,25,50,425,450,1,8,33
322,arsjoint,23,50,448,471,1,5,28
328,arsjoint,17,50,459,476,1,5,22
329,arsjoint,25,50,443,468,1,11,36
344,arsjoint,26,50,483,509,0,0,26
348,arsjoint,25,50,510,535,1,13,38
353,arsjoint,13,50,471,484,0,0,13
359,arsjoint,19,50,449,468,1,5,24
360,arsjoint,19,50,465,484,0,0,19
373,arsjoint,23,50,420,443,0,0,23
374,arsjoint,22,50,418,440,1,8,30
387,arsjoint,19,50,390,409,0,0,19
395,arsjoint,14,50,493,507,1,17,31
402,arsjoint,30,50,500,530,1,9,39
408,arsjoint,19,50,457,476,0,0,19
409,arsjoint,21,50,459,480,0,0,21
412,arsjoint,27,50,412,439,4,50,77
419,arsjoint,31,50,445,476,1,9,40
424,arsjoint,26,50,522,548,1,2,28
433,arsjoint,13,50,414,427,0,0,13
438,arsjoint,30,50,588,618,0,0,30
442,arsjoint,15,50,471,486,2,18,33
446,arsjoint,24,50,469,493,0,0,24
451,arsjoint,13,50,499,512,6,40,53
457,arsjoint,19,50,489,508,0,0,19
459,arsjoint,23,50,496,519,1,7,30
460,arsjoint,15,50,468,483,1,7,22
462,arsjoint,19,50,474,493,0,0,19
464,arsjoint,22,50,383,405,1,6,28
465,arsjoint,22,50,385,407,2,11,33
467,arsjoint,25,50,579,604,0,0,25
468,arsjoint,12,50,520,532,0,0,12
471,arsjoint,32,50,429,461,2,14,46
476,arsjoint,19,50,452,471,1,7,26
477,arsjoint,21,50,420,441,1,7,28
496,arsjoint,13,50,483,496,0,0,13
497,arsjoint,13,50,500,513,0,0,13
510,arsjoint,24,50,429,453,2,15,39
511,arsjoint,24,50,429,453,2,15,39
512,arsjoint,13,50,578,591,3,31,44
518,arsjoint,12,50,473,485,2,18,30
519,arsjoint,20,50,492,512,2,17,37
520,arsjoint,20,50,497,517,2,17,37
522,arsjoint,11,50,486,497,1,18,29
534,arsjoint,16,50,451,467,13,111,127
538,arsjoint,12,50,487,499,3,33,45
543,arsjoint,28,50,436,464,1,5,33
546,arsjoint,17,50,479,496,2,12,29
556,arsjoint,20,50,459,479,0,0,20
558,arsjoint,18,50,472,490,0,0,18
561,arsjoint,24,50,460,484,0,0,24
567,arsjoint,33,50,416,449,2,18,51
581,arsjoint,24,50,405,429,1,7,31
586,arsjoint,16,50,508,524,2,21,37
596,arsjoint,16,50,545,561,2,20,36
599,arsjoint,13,50,538,551,4,41,54
608,arsjoint,18,50,472,490,0,0,18
627,arsjoint,26,50,506,532,2,17,43
629,arsjoint,24,50,519,543,0,0,24
630,arsjoint,20,50,492,512,1,11,31
634,arsjoint,30,50,459,489,1,5,35
639,arsjoint,26,50,452,478,0,0,26
656,arsjoint,25,50,393,418,1,6,31
664,arsjoint,25,50,454,479,1,6,31
675,arsjoint,11,50,434,445,0,0,11
678,arsjoint,12,50,420,432,1,10,22
695,arsjoint,23,50,482,505,1,4,27
697,arsjoint,14,50,443,457,1,9,23
699,arsjoint,29,50,508,537,0,0,29
701,arsjoint,18,50,422,440,0,0,18
711,arsjoint,24,50,447,471,1,14,38
712,arsjoint,24,50,472,496,1,14,38
719,arsjoint,18,50,593,611,1,13,31
720,arsjoint,16,50,627,643,1,13,29
722,arsjoint,27,50,504,531,1,6,33
731,arsjoint,23,50,396,419,0,0,23
735,arsjoint,18,50,429,447,4,31,49
741,arsjoint,28,50,475,503,1,9,37
750,arsjoint,15,50,488,503,0,0,15
754,arsjoint,11,50,534,545,0,0,11
763,arsjoint,25,50,545,570,1,16,41
769,arsjoint,18,50,496,514,7,60,78
786,arsjoint,28,50,475,503,0,0,28
794,arsjoint,15,50,379,394,0,0,15
796,arsjoint,15,50,460,475,4,33,48
806,arsjoint,18,50,487,505,1,8,26
809,arsjoint,23,50,436,459,0,0,23
819,arsjoint,16,50,456,472,1,6,22
824,arsjoint,18,50,491,509,1,16,34
827,arsjoint,17,50,440,457,0,0,17
829,arsjoint,18,50,518,536,0,0,18
833,arsjoint,16,50,426,442,2,16,32
836,arsjoint,18,50,415,433,0,0,18
842,arsjoint,19,50,379,398,1,4,23
843,arsjoint,19,50,386,405,1,4,23
849,arsjoint,20,50,606,626,1,15,35
850,arsjoint,39,50,440,479,3,14,53
851,arsjoint,22,50,478,500,1,17,39
862,arsjoint,22,50,513,535,1,6,28
864,arsjoint,16,50,425,441,2,10,26
865,arsjoint,27,50,410,437,1,8,35
868,arsjoint,8,50,654,662,1,4,12
869,arsjoint,8,50,654,662,1,4,12
872,arsjoint,12,50,474,486,10,86,98
874,arsjoint,9,50,592,601,2,9,18
875,arsjoint,9,50,590,599,2,9,18
878,arsjoint,22,50,498,520,0,0,22
888,arsjoint,24,50,605,629,1,14,38
889,arsjoint,24,50,595,619,1,14,38
892,arsjoint,19,50,418,437,1,6,25
905,arsjoint,18,50,389,407,0,0,18
906,arsjoint,19,50,381,400,0,0,19
915,arsjoint,28,50,421,449,0,0,28
918,arsjoint,15,50,667,682,2,19,34
920,arsjoint,15,50,518,533,6,57,72
924,arsjoint,16,50,543,559,1,10,26
931,arsjoint,17,50,443,460,1,7,24
932,arsjoint,18,50,471,489,0,0,18
937,arsjoint,13,50,464,477,0,0,13
943,arsjoint,18,50,459,477,1,8,26
947,arsjoint,21,50,505,526,0,0,21
950,arsjoint,17,50,449,466,1,12,29
958,arsjoint,35,50,448,483,1,6,41
961,arsjoint,22,50,497,519,1,7,29
966,arsjoint,25,50,457,482,0,0,25
968,arsjoint,27,50,447,474,1,6,33
981,arsjoint,32,50,476,508,3,28,60
983,arsjoint,26,50,448,474,0,0,26
986,arsjoint,22,50,433,455,1,15,37
987,arsjoint,20,50,468,488,0,0,20
991,arsjoint,11,50,443,454,1,8,19
995,arsjoint,23,50,416,439,1,8,31
1010,arsjoint,24,50,531,555,1,18,42
1013,arsjoint,12,50,449,461,1,6,18
1017,arsjoint,13,50,486,499,1,11,24
1022,arsjoint,24,50,518,542,1,8,32
1039,arsjoint,29,50,396,425,0,0,29
1051,arsjoint,19,50,595,614,4,46,65
1057,arsjoint,18,50,484,502,0,0,18
1059,arsjoint,28,50,379,407,1,7,35
1060,arsjoint,29,50,368,397,1,7,36
1061,arsjoint,26,50,427,453,1,12,38
1063,arsjoint,23,50,482,505,1,12,35
1064,arsjoint,17,50,452,469,1,7,24
1066,arsjoint,17,50,466,483,2,14,31
1076,arsjoint,10,50,440,450,1,8,18
1077,arsjoint,10,50,457,467,2,19,29
1080,arsjoint,12,50,477,489,1,18,30
1082,arsjoint,17,50,634,651,1,18,35
1083,arsjoint,17,50,540,557,0,0,17
1092,arsjoint,23,50,372,395,2,13,36
1093,arsjoint,24,50,397,421,2,13,37
1094,arsjoint,14,50,589,603,0,0,14
1095,arsjoint,19,50,453,472,0,0,19
1108,arsjoint,13,50,472,485,0,0,13
1113,arsjoint,24,50,424,448,2,16,40
1116,arsjoint,17,50,453,470,4,31,48
1117,arsjoint,18,50,434,452,0,0,18
1122,arsjoint,22,50,433,455,1,8,30
1123,arsjoint,23,50,428,451,0,0,23
1124,arsjoint,23,50,438,461,1,8,31
1129,arsjoint,24,50,390,414,1,6,30
1131,arsjoint,30,50,436,466,1,5,35
1143,arsjoint,24,50,482,506,1,9,33
1147,arsjoint,15,50,526,541,3,35,50
1149,arsjoint,17,50,420,437,0,0,17
1151,arsjoint,37,50,507,544,1,13,50
1152,arsjoint,37,50,501,538,1,13,50
1154,arsjoint,38,50,410,448,2,16,54
1155,arsjoint,15,50,547,562,1,15,30
1160,arsjoint,12,50,497,509,2,22,34
1167,arsjoint,34,50,435,469,1,12,46
1172,arsjoint,21,50,441,462,2,14,35
1189,arsjoint,26,50,483,509,0,0,26
1192,arsjoint,24,50,457,481,1,7,31
1198,arsjoint,24,50,413,437,0,0,24
1201,arsjoint,40,50,457,497,0,0,40
1203,arsjoint,21,50,497,518,0,0,21
1217,arsjoint,76,50,466,542,0,0,76
1222,arsjoint,15,50,438,453,1,5,20
1233,arsjoint,16,50,436,452,1,6,22
1240,arsjoint,21,50,438,459,3,29,50
1242,arsjoint,15,50,443,458,1,7,22
1243,arsjoint,23,50,503,526,1,9,32
1250,arsjoint,65,50,496,561,0,0,65
1251,arsjoint,39,50,450,489,1,7,46
1252,arsjoint,39,50,440,479,1,7,46
1256,arsjoint,25,50,540,565,0,0,25
1264,arsjoint,20,50,438,458,0,0,20
1267,arsjoint,18,50,469,487,15,141,159
1277,arsjoint,19,50,497,516,1,9,28
1283,arsjoint,19,50,528,547,1,12,31
1285,arsjoint,19,50,464,483,0,0,19
1286,arsjoint,26,50,502,528,1,4,30
1287,arsjoint,19,50,456,475,1,6,25
1296,arsjoint,19,50,449,468,3,23,42
1299,arsjoint,35,50,509,544,1,16,51
1301,arsjoint,25,50,520,545,0,0,25
1313,arsjoint,29,50,434,463,1,6,35
1317,arsjoint,33,50,435,468,1,10,43
1318,arsjoint,18,50,487,505,4,41,59
1321,arsjoint,23,50,496,519,2,12,35
1326,arsjoint,16,50,469,485,4,38,54
1329,arsjoint,23,50,484,507,2,15,38
1338,arsjoint,22,50,440,462,0,0,22
1343,arsjoint,34,50,429,463,0,0,34
1354,arsjoint,19,50,486,505,1,6,25
1357,arsjoint,20,50,433,453,1,6,26
1365,arsjoint,21,50,566,587,0,0,21
1369,arsjoint,16,50,483,499,0,0,16
1377,arsjoint,16,50,475,491,7,90,106
1384,arsjoint,21,50,389,410,2,11,32
1388,arsjoint,16,50,486,502,1,5,21
1396,arsjoint,16,50,444,460,0,0,16
1399,arsjoint,19,50,489,508,1,7,26
1408,arsjoint,16,50,439,455,0,0,16
7,multivers_10,22,50,455,477,1,12,34
8,multivers_10,27,50,593,620,0,0,27
16,multivers_10,20,50,486,506,0,0,20
23,multivers_10,25,50,589,614,0,0,25
29,multivers_10,22,50,548,570,1,14,36
31,multivers_10,23,50,528,551,1,10,33
33,multivers_10,16,50,540,556,1,10,26
38,multivers_10,17,50,491,508,1,12,29
59,multivers_10,22,50,441,463,1,6,28
65,multivers_10,14,50,491,505,0,0,14
83,multivers_10,25,50,486,511,0,0,25
84,multivers_10,17,50,430,447,6,36,53
87,multivers_10,18,50,395,413,6,38,56
97,multivers_10,18,50,541,559,1,19,37
101,multivers_10,18,50,442,460,2,18,36
102,multivers_10,15,50,494,509,0,0,15
103,multivers_10,32,50,486,518,0,0,32
107,multivers_10,18,50,528,546,6,43,61
110,multivers_10,24,50,443,467,1,5,29
117,multivers_10,21,50,513,534,5,49,70
125,multivers_10,25,50,445,470,0,0,25
131,multivers_10,13,50,485,498,1,9,22
135,multivers_10,24,50,552,576,0,0,24
136,multivers_10,20,50,556,576,0,0,20
145,multivers_10,34,50,456,490,1,14,48
147,multivers_10,33,50,475,508,1,14,47
150,multivers_10,14,50,448,462,1,7,21
151,multivers_10,10,50,424,434,8,68,78
158,multivers_10,26,50,447,473,4,40,66
162,multivers_10,16,50,430,446,3,36,52
170,multivers_10,11,50,483,494,6,72,83
188,multivers_10,28,50,373,401,1,7,35
190,multivers_10,30,50,445,475,1,12,42
191,multivers_10,16,50,492,508,1,12,28
192,multivers_10,16,50,514,530,1,12,28
193,multivers_10,20,50,446,466,0,0,20
194,multivers_10,20,50,388,408,1,5,25
195,multivers_10,20,50,384,404,0,0,20
202,multivers_10,24,50,489,513,3,28,52
206,multivers_10,13,50,392,405,2,16,29
207,multivers_10,13,50,492,505,11,117,130
215,multivers_10,12,50,394,406,5,46,58
231,multivers_10,23,50,463,486,7,57,80
234,multivers_10,19,50,455,474,1,8,27
240,multivers_10,14,50,440,454,0,0,14
257,multivers_10,15,50,448,463,0,0,15
260,multivers_10,22,50,468,490,6,64,86
270,multivers_10,9,50,488,497,2,23,32
271,multivers_10,12,50,471,483,1,11,23
273,multivers_10,38,50,651,689,2,57,95
276,multivers_10,31,50,435,466,7,60,91
282,multivers_10,18,50,377,395,2,12,30
284,multivers_10,15,50,513,528,5,46,61
288,multivers_10,28,50,436,464,4,26,54
289,multivers_10,17,50,371,388,1,6,23
291,multivers_10,20,50,845,865,1,14,34
297,multivers_10,25,50,402,427,2,20,45
302,multivers_10,25,50,454,479,0,0,25
307,multivers_10,15,50,458,473,3,26,41
311,multivers_10,19,50,485,504,1,7,26
318,multivers_10,24,50,487,511,0,0,24
319,multivers_10,24,50,476,500,0,0,24
320,multivers_10,24,50,434,458,1,8,32
321,multivers_10,25,50,425,450,1,8,33
322,multivers_10,23,50,448,471,1,5,28
328,multivers_10,17,50,459,476,1,5,22
329,multivers_10,25,50,443,468,1,11,36
344,multivers_10,26,50,483,509,0,0,26
348,multivers_10,25,50,510,535,1,13,38
353,multivers_10,13,50,471,484,0,0,13
359,multivers_10,19,50,449,468,1,5,24
360,multivers_10,19,50,465,484,1,5,24
373,multivers_10,23,50,420,443,1,12,35
374,multivers_10,22,50,418,440,3,22,44
387,multivers_10,19,50,390,409,0,0,19
395,multivers_10,14,50,493,507,2,27,41
402,multivers_10,30,50,500,530,0,0,30
408,multivers_10,19,50,457,476,0,0,19
409,multivers_10,21,50,459,480,0,0,21
412,multivers_10,27,50,412,439,4,51,78
419,multivers_10,31,50,445,476,1,9,40
424,multivers_10,26,50,522,548,0,0,26
433,multivers_10,13,50,414,427,0,0,13
438,multivers_10,30,50,588,618,0,0,30
442,multivers_10,15,50,471,486,3,25,40
446,multivers_10,24,50,469,493,1,12,36
451,multivers_10,13,50,499,512,24,202,215
457,multivers_10,19,50,489,508,0,0,19
459,multivers_10,23,50,496,519,1,7,30
460,multivers_10,15,50,468,483,1,7,22
462,multivers_10,19,50,474,493,1,8,27
464,multivers_10,22,50,383,405,2,13,35
465,multivers_10,22,50,385,407,2,13,35
467,multivers_10,25,50,579,604,0,0,25
468,multivers_10,12,50,520,532,0,0,12
471,multivers_10,32,50,429,461,0,0,32
476,multivers_10,19,50,452,471,0,0,19
477,multivers_10,21,50,420,441,0,0,21
496,multivers_10,13,50,483,496,0,0,13
497,multivers_10,13,50,500,513,0,0,13
510,multivers_10,24,50,429,453,0,0,24
511,multivers_10,24,50,429,453,0,0,24
512,multivers_10,13,50,578,591,7,75,88
518,multivers_10,12,50,473,485,3,27,39
519,multivers_10,20,50,492,512,2,17,37
520,multivers_10,20,50,497,517,2,17,37
522,multivers_10,11,50,486,497,1,18,29
534,multivers_10,16,50,451,467,3,29,45
538,multivers_10,12,50,487,499,1,13,25
543,multivers_10,28,50,436,464,1,5,33
546,multivers_10,17,50,479,496,18,146,163
556,multivers_10,20,50,459,479,0,0,20
558,multivers_10,18,50,472,490,0,0,18
561,multivers_10,24,50,460,484,1,11,35
567,multivers_10,33,50,416,449,8,72,105
581,multivers_10,24,50,405,429,2,11,35
586,multivers_10,16,50,508,524,0,0,16
596,multivers_10,16,50,545,561,1,15,31
599,multivers_10,13,50,538,551,5,50,63
608,multivers_10,18,50,472,490,6,60,78
627,multivers_10,26,50,506,532,2,17,43
629,multivers_10,24,50,519,543,0,0,24
630,multivers_10,20,50,492,512,1,11,31
634,multivers_10,30,50,459,489,1,5,35
639,multivers_10,26,50,452,478,0,0,26
656,multivers_10,25,50,393,418,1,7,32
664,multivers_10,25,50,454,479,1,6,31
675,multivers_10,11,50,434,445,0,0,11
678,multivers_10,12,50,420,432,2,16,28
695,multivers_10,23,50,482,505,2,10,33
697,multivers_10,14,50,443,457,1,9,23
699,multivers_10,29,50,508,537,0,0,29
701,multivers_10,18,50,422,440,0,0,18
711,multivers_10,24,50,447,471,1,14,38
712,multivers_10,24,50,472,496,1,14,38
719,multivers_10,18,50,593,611,1,18,36
720,multivers_10,16,50,627,643,1,18,34
722,multivers_10,27,50,504,531,1,6,33
731,multivers_10,23,50,396,419,0,0,23
735,multivers_10,18,50,429,447,9,71,89
741,multivers_10,28,50,475,503,1,9,37
750,multivers_10,15,50,488,503,1,8,23
754,multivers_10,11,50,534,545,0,0,11
763,multivers_10,25,50,545,570,1,16,41
769,multivers_10,18,50,496,514,4,38,56
786,multivers_10,28,50,475,503,0,0,28
794,multivers_10,15,50,379,394,2,13,28
796,multivers_10,15,50,460,475,2,18,33
806,multivers_10,18,50,487,505,1,8,26
809,multivers_10,23,50,436,459,3,29,52
819,multivers_10,16,50,456,472,1,6,22
824,multivers_10,18,50,491,509,1,16,34
827,multivers_10,17,50,440,457,0,0,17
829,multivers_10,18,50,518,536,0,0,18
833,multivers_10,16,50,426,442,4,28,44
836,multivers_10,18,50,415,433,0,0,18
842,multivers_10,19,50,379,398,1,6,25
843,multivers_10,19,50,386,405,0,0,19
849,multivers_10,20,50,606,626,1,15,35
850,multivers_10,39,50,440,479,1,7,46
851,multivers_10,22,50,478,500,1,17,39
862,multivers_10,22,50,513,535,1,6,28
864,multivers_10,16,50,425,441,6,44,60
865,multivers_10,27,50,410,437,5,41,68
868,multivers_10,8,50,654,662,1,4,12
869,multivers_10,8,50,654,662,1,4,12
872,multivers_10,12,50,474,486,10,79,91
874,multivers_10,9,50,592,601,3,39,48
875,multivers_10,9,50,590,599,3,39,48
878,multivers_10,22,50,498,520,0,0,22
888,multivers_10,24,50,605,629,0,0,24
889,multivers_10,24,50,595,619,0,0,24
892,multivers_10,19,50,418,437,2,10,29
905,multivers_10,18,50,389,407,0,0,18
906,multivers_10,19,50,381,400,0,0,19
915,multivers_10,28,50,421,449,0,0,28
918,multivers_10,15,50,667,682,1,13,28
920,multivers_10,15,50,518,533,2,22,37
924,multivers_10,16,50,543,559,1,10,26
931,multivers_10,17,50,443,460,2,20,37
932,multivers_10,18,50,471,489,0,0,18
937,multivers_10,13,50,464,477,0,0,13
943,multivers_10,18,50,459,477,8,66,84
947,multivers_10,21,50,505,526,2,24,45
950,multivers_10,17,50,449,466,2,23,40
958,multivers_10,35,50,448,483,1,6,41
961,multivers_10,22,50,497,519,5,37,59
966,multivers_10,25,50,457,482,0,0,25
968,multivers_10,27,50,447,474,1,6,33
981,multivers_10,32,50,476,508,2,17,49
983,multivers_10,26,50,448,474,1,8,34
986,multivers_10,22,50,433,455,3,34,56
987,multivers_10,20,50,468,488,0,0,20
991,multivers_10,11,50,443,454,1,8,19
995,multivers_10,23,50,416,439,1,8,31
1010,multivers_10,24,50,531,555,1,18,42
1013,multivers_10,12,50,449,461,3,21,33
1017,multivers_10,13,50,486,499,1,11,24
1022,multivers_10,24,50,518,542,1,8,32
1039,multivers_10,29,50,396,425,1,10,39
1051,multivers_10,19,50,595,614,8,113,132
1057,multivers_10,18,50,484,502,0,0,18
1059,multivers_10,28,50,379,407,1,12,40
1060,multivers_10,29,50,368,397,1,12,41
1061,multivers_10,26,50,427,453,1,12,38
1063,multivers_10,23,50,482,505,1,12,35
1064,multivers_10,17,50,452,469,1,7,24
1066,multivers_10,17,50,466,483,1,5,22
1076,multivers_10,10,50,440,450,2,15,25
1077,multivers_10,10,50,457,467,4,27,37
1080,multivers_10,12,50,477,489,1,18,30
1082,multivers_10,17,50,634,651,1,18,35
1083,multivers_10,17,50,540,557,1,18,35
1092,multivers_10,23,50,372,395,2,13,36
1093,multivers_10,24,50,397,421,2,13,37
1094,multivers_10,14,50,589,603,0,0,14
1095,multivers_10,19,50,453,472,1,8,27
1108,multivers_10,13,50,472,485,0,0,13
1113,multivers_10,24,50,424,448,8,68,92
1116,multivers_10,17,50,453,470,3,32,49
1117,multivers_10,18,50,434,452,0,0,18
1122,multivers_10,22,50,433,455,7,57,79
1123,multivers_10,23,50,428,451,6,54,77
1124,multivers_10,23,50,438,461,4,36,59
1129,multivers_10,24,50,390,414,2,12,36
1131,multivers_10,30,50,436,466,2,15,45
1143,multivers_10,24,50,482,506,1,9,33
1147,multivers_10,15,50,526,541,4,77,92
1149,multivers_10,17,50,420,437,1,8,25
1151,multivers_10,37,50,507,544,1,13,50
1152,multivers_10,37,50,501,538,1,13,50
1154,multivers_10,38,50,410,448,1,7,45
1155,multivers_10,15,50,547,562,1,15,30
1160,multivers_10,12,50,497,509,1,15,27
1167,multivers_10,34,50,435,469,0,0,34
1172,multivers_10,21,50,441,462,1,7,28
1189,multivers_10,26,50,483,509,0,0,26
1192,multivers_10,24,50,457,481,0,0,24
1198,multivers_10,24,50,413,437,3,30,54
1201,multivers_10,40,50,457,497,0,0,40
1203,multivers_10,21,50,497,518,1,9,30
1217,multivers_10,76,50,466,542,0,0,76
1222,multivers_10,15,50,438,453,2,11,26
1233,multivers_10,16,50,436,452,1,6,22
1240,multivers_10,21,50,438,459,3,28,49
1242,multivers_10,15,50,443,458,1,6,21
1243,multivers_10,23,50,503,526,0,0,23
1250,multivers_10,65,50,496,561,0,0,65
1251,multivers_10,39,50,450,489,2,18,57
1252,multivers_10,39,50,440,479,2,18,57
1256,multivers_10,25,50,540,565,0,0,25
1264,multivers_10,20,50,438,458,0,0,20
1267,multivers_10,18,50,469,487,3,26,44
1277,multivers_10,19,50,497,516,2,15,34
1283,multivers_10,19,50,528,547,1,12,31
1285,multivers_10,19,50,464,483,0,0,19
1286,multivers_10,26,50,502,528,1,4,30
1287,multivers_10,19,50,456,475,1,6,25
1296,multivers_10,19,50,449,468,1,12,31
1299,multivers_10,35,50,509,544,1,16,51
1301,multivers_10,25,50,520,545,1,13,38
1313,multivers_10,29,50,434,463,1,6,35
1317,multivers_10,33,50,435,468,0,0,33
1318,multivers_10,18,50,487,505,2,17,35
1321,multivers_10,23,50,496,519,5,35,58
1326,multivers_10,16,50,469,485,3,38,54
1329,multivers_10,23,50,484,507,1,9,32
1338,multivers_10,22,50,440,462,1,7,29
1343,multivers_10,34,50,429,463,0,0,34
1354,multivers_10,19,50,486,505,1,6,25
1357,multivers_10,20,50,433,453,1,6,26
1365,multivers_10,21,50,566,587,0,0,21
1369,multivers_10,16,50,483,499,1,11,27
1377,multivers_10,16,50,475,491,7,84,100
1384,multivers_10,21,50,389,410,4,32,53
1388,multivers_10,16,50,486,502,1,5,21
1396,multivers_10,16,50,444,460,0,0,16
1399,multivers_10,19,50,489,508,0,0,19
1408,multivers_10,16,50,439,455,0,0,16
7,multivers_20,22,50,455,477,1,12,34
8,multivers_20,27,50,593,620,0,0,27
16,multivers_20,20,50,486,506,0,0,20
23,multivers_20,25,50,589,614,0,0,25
29,multivers_20,22,50,548,570,1,14,36
31,multivers_20,23,50,528,551,1,10,33
33,multivers_20,16,50,540,556,1,10,26
38,multivers_20,17,50,491,508,0,0,17
59,multivers_20,22,50,441,463,1,6,28
65,multivers_20,14,50,491,505,0,0,14
83,multivers_20,25,50,486,511,0,0,25
84,multivers_20,17,50,430,447,4,24,41
87,multivers_20,18,50,395,413,1,6,24
97,multivers_20,18,50,541,559,1,19,37
101,multivers_20,18,50,442,460,3,27,45
102,multivers_20,15,50,494,509,0,0,15
103,multivers_20,32,50,486,518,0,0,32
107,multivers_20,18,50,528,546,4,39,57
110,multivers_20,24,50,443,467,1,5,29
117,multivers_20,21,50,513,534,2,11,32
125,multivers_20,25,50,445,470,0,0,25
131,multivers_20,13,50,485,498,1,9,22
135,multivers_20,24,50,552,576,0,0,24
136,multivers_20,20,50,556,576,0,0,20
145,multivers_20,34,50,456,490,1,14,48
147,multivers_20,33,50,475,508,1,14,47
150,multivers_20,14,50,448,462,1,7,21
151,multivers_20,10,50,424,434,3,23,33
158,multivers_20,26,50,447,473,2,25,51
162,multivers_20,16,50,430,446,1,13,29
170,multivers_20,11,50,483,494,1,17,28
188,multivers_20,28,50,373,401,1,7,35
190,multivers_20,30,50,445,475,0,0,30
191,multivers_20,16,50,492,508,1,12,28
192,multivers_20,16,50,514,530,1,12,28
193,multivers_20,20,50,446,466,0,0,20
194,multivers_20,20,50,388,408,0,0,20
195,multivers_20,20,50,384,404,0,0,20
202,multivers_20,24,50,489,513,1,8,32
206,multivers_20,13,50,392,405,2,16,29
207,multivers_20,13,50,492,505,1,10,23
215,multivers_20,12,50,394,406,4,38,50
231,multivers_20,23,50,463,486,1,10,33
234,multivers_20,19,50,455,474,1,8,27
240,multivers_20,14,50,440,454,0,0,14
257,multivers_20,15,50,448,463,0,0,15
260,multivers_20,22,50,468,490,2,27,49
270,multivers_20,9,50,488,497,1,11,20
271,multivers_20,12,50,471,483,1,11,23
273,multivers_20,38,50,651,689,1,16,54
276,multivers_20,31,50,435,466,4,28,59
282,multivers_20,18,50,377,395,1,6,24
284,multivers_20,15,50,513,528,1,12,27
288,multivers_20,28,50,436,464,2,19,47
289,multivers_20,17,50,371,388,0,0,17
291,multivers_20,20,50,845,865,1,14,34
297,multivers_20,25,50,402,427,1,11,36
302,multivers_20,25,50,454,479,0,0,25
307,multivers_20,15,50,458,473,2,18,33
311,multivers_20,19,50,485,504,2,16,35
318,multivers_20,24,50,487,511,0,0,24
319,multivers_20,24,50,476,500,0,0,24
320,multivers_20,24,50,434,458,1,8,32
321,multivers_20,25,50,425,450,1,8,33
322,multivers_20,23,50,448,471,1,5,28
328,multivers_20,17,50,459,476,1,5,22
329,multivers_20,25,50,443,468,1,11,36
344,multivers_20,26,50,483,509,0,0,26
348,multivers_20,25,50,510,535,1,13,38
353,multivers_20,13,50,471,484,0,0,13
359,multivers_20,19,50,449,468,1,5,24
360,multivers_20,19,50,465,484,1,5,24
373,multivers_20,23,50,420,443,0,0,23
374,multivers_20,22,50,418,440,0,0,22
387,multivers_20,19,50,390,409,0,0,19
395,multivers_20,14,50,493,507,1,17,31
402,multivers_20,30,50,500,530,0,0,30
408,multivers_20,19,50,457,476,0,0,19
409,multivers_20,21,50,459,480,0,0,21
412,multivers_20,27,50,412,439,1,15,42
419,multivers_20,31,50,445,476,1,9,40
424,multivers_20,26,50,522,548,0,0,26
433,multivers_20,13,50,414,427,0,0,13
438,multivers_20,30,50,588,618,0,0,30
442,multivers_20,15,50,471,486,1,8,23
446,multivers_20,24,50,469,493,1,12,36
451,multivers_20,13,50,499,512,8,66,79
457,multivers_20,19,50,489,508,0,0,19
459,multivers_20,23,50,496,519,1,7,30
460,multivers_20,15,50,468,483,1,7,22
462,multivers_20,19,50,474,493,1,8,27
464,multivers_20,22,50,383,405,1,6,28
465,multivers_20,22,50,385,407,3,21,43
467,multivers_20,25,50,579,604,0,0,25
468,multivers_20,12,50,520,532,0,0,12
471,multivers_20,32,50,429,461,0,0,32
476,multivers_20,19,50,452,471,0,0,19
477,multivers_20,21,50,420,441,0,0,21
496,multivers_20,13,50,483,496,0,0,13
497,multivers_20,13,50,500,513,0,0,13
510,multivers_20,24,50,429,453,0,0,24
511,multivers_20,24,50,429,453,0,0,24
512,multivers_20,13,50,578,591,3,30,43
518,multivers_20,12,50,473,485,0,0,12
519,multivers_20,20,50,492,512,2,17,37
520,multivers_20,20,50,497,517,2,17,37
522,multivers_20,11,50,486,497,1,18,29
534,multivers_20,16,50,451,467,3,29,45
538,multivers_20,12,50,487,499,1,13,25
543,multivers_20,28,50,436,464,1,5,33
546,multivers_20,17,50,479,496,2,12,29
556,multivers_20,20,50,459,479,0,0,20
558,multivers_20,18,50,472,490,0,0,18
561,multivers_20,24,50,460,484,0,0,24
567,multivers_20,33,50,416,449,2,18,51
581,multivers_20,24,50,405,429,2,13,37
586,multivers_20,16,50,508,524,0,0,16
596,multivers_20,16,50,545,561,1,15,31
599,multivers_20,13,50,538,551,3,30,43
608,multivers_20,18,50,472,490,0,0,18
627,multivers_20,26,50,506,532,1,8,34
629,multivers_20,24,50,519,543,0,0,24
630,multivers_20,20,50,492,512,1,11,31
634,multivers_20,30,50,459,489,1,5,35
639,multivers_20,26,50,452,478,0,0,26
656,multivers_20,25,50,393,418,2,13,38
664,multivers_20,25,50,454,479,1,6,31
675,multivers_20,11,50,434,445,0,0,11
678,multivers_20,12,50,420,432,2,14,26
695,multivers_20,23,50,482,505,1,4,27
697,multivers_20,14,50,443,457,1,9,23
699,multivers_20,29,50,508,537,0,0,29
701,multivers_20,18,50,422,440,0,0,18
711,multivers_20,24,50,447,471,1,14,38
712,multivers_20,24,50,472,496,1,14,38
719,multivers_20,18,50,593,611,0,0,18
720,multivers_20,16,50,627,643,1,18,34
722,multivers_20,27,50,504,531,1,6,33
731,multivers_20,23,50,396,419,0,0,23
735,multivers_20,18,50,429,447,3,26,44
741,multivers_20,28,50,475,503,1,9,37
750,multivers_20,15,50,488,503,0,0,15
754,multivers_20,11,50,534,545,0,0,11
763,multivers_20,25,50,545,570,1,16,41
769,multivers_20,18,50,496,514,2,17,35
786,multivers_20,28,50,475,503,0,0,28
794,multivers_20,15,50,379,394,1,6,21
796,multivers_20,15,50,460,475,0,0,15
806,multivers_20,18,50,487,505,1,8,26
809,multivers_20,23,50,436,459,1,6,29
819,multivers_20,16,50,456,472,1,6,22
824,multivers_20,18,50,491,509,1,16,34
827,multivers_20,17,50,440,457,0,0,17
829,multivers_20,18,50,518,536,0,0,18
833,multivers_20,16,50,426,442,3,22,38
836,multivers_20,18,50,415,433,0,0,18
842,multivers_20,19,50,379,398,0,0,19
843,multivers_20,19,50,386,405,0,0,19
849,multivers_20,20,50,606,626,1,15,35
850,multivers_20,39,50,440,479,1,7,46
851,multivers_20,22,50,478,500,1,17,39
862,multivers_20,22,50,513,535,1,6,28
864,multivers_20,16,50,425,441,3,20,36
865,multivers_20,27,50,410,437,5,41,68
868,multivers_20,8,50,654,662,1,18,26
869,multivers_20,8,50,654,662,1,18,26
872,multivers_20,12,50,474,486,12,102,114
874,multivers_20,9,50,592,601,1,18,27
875,multivers_20,9,50,590,599,1,18,27
878,multivers_20,22,50,498,520,0,0,22
888,multivers_20,24,50,605,629,0,0,24
889,multivers_20,24,50,595,619,0,0,24
892,multivers_20,19,50,418,437,1,6,25
905,multivers_20,18,50,389,407,0,0,18
906,multivers_20,19,50,381,400,0,0,19
915,multivers_20,28,50,421,449,0,0,28
918,multivers_20,15,50,667,682,1,13,28
920,multivers_20,15,50,518,533,1,15,30
924,multivers_20,16,50,543,559,1,10,26
931,multivers_20,17,50,443,460,1,7,24
932,multivers_20,18,50,471,489,0,0,18
937,multivers_20,13,50,464,477,0,0,13
943,multivers_20,18,50,459,477,2,14,32
947,multivers_20,21,50,505,526,0,0,21
950,multivers_20,17,50,449,466,2,23,40
958,multivers_20,35,50,448,483,1,6,41
961,multivers_20,22,50,497,519,2,13,35
966,multivers_20,25,50,457,482,0,0,25
968,multivers_20,27,50,447,474,1,6,33
981,multivers_20,32,50,476,508,1,6,38
983,multivers_20,26,50,448,474,1,8,34
986,multivers_20,22,50,433,455,1,15,37
987,multivers_20,20,50,468,488,0,0,20
991,multivers_20,11,50,443,454,1,8,19
995,multivers_20,23,50,416,439,1,8,31
1010,multivers_20,24,50,531,555,1,18,42
1013,multivers_20,12,50,449,461,1,6,18
1017,multivers_20,13,50,486,499,0,0,13
1022,multivers_20,24,50,518,542,0,0,24
1039,multivers_20,29,50,396,425,0,0,29
1051,multivers_20,19,50,595,614,1,15,34
1057,multivers_20,18,50,484,502,0,0,18
1059,multivers_20,28,50,379,407,0,0,28
1060,multivers_20,29,50,368,397,0,0,29
1061,multivers_20,26,50,427,453,1,12,38
1063,multivers_20,23,50,482,505,1,12,35
1064,multivers_20,17,50,452,469,1,7,24
1066,multivers_20,17,50,466,483,3,22,39
1076,multivers_20,10,50,440,450,0,0,10
1077,multivers_20,10,50,457,467,1,8,18
1080,multivers_20,12,50,477,489,1,18,30
1082,multivers_20,17,50,634,651,1,18,35
1083,multivers_20,17,50,540,557,0,0,17
1092,multivers_20,23,50,372,395,2,13,36
1093,multivers_20,24,50,397,421,2,13,37
1094,multivers_20,14,50,589,603,0,0,14
1095,multivers_20,19,50,453,472,1,8,27
1108,multivers_20,13,50,472,485,0,0,13
1113,multivers_20,24,50,424,448,4,34,58
1116,multivers_20,17,50,453,470,1,18,35
1117,multivers_20,18,50,434,452,0,0,18
1122,multivers_20,22,50,433,455,1,8,30
1123,multivers_20,23,50,428,451,1,8,31
1124,multivers_20,23,50,438,461,1,8,31
1129,multivers_20,24,50,390,414,2,12,36
1131,multivers_20,30,50,436,466,2,15,45
1143,multivers_20,24,50,482,506,1,9,33
1147,multivers_20,15,50,526,541,1,15,30
1149,multivers_20,17,50,420,437,1,8,25
1151,multivers_20,37,50,507,544,1,13,50
1152,multivers_20,37,50,501,538,1,13,50
1154,multivers_20,38,50,410,448,1,7,45
1155,multivers_20,15,50,547,562,1,15,30
1160,multivers_20,12,50,497,509,1,15,27
1167,multivers_20,34,50,435,469,0,0,34
1172,multivers_20,21,50,441,462,1,7,28
1189,multivers_20,26,50,483,509,0,0,26
1192,multivers_20,24,50,457,481,0,0,24
1198,multivers_20,24,50,413,437,0,0,24
1201,multivers_20,40,50,457,497,0,0,40
1203,multivers_20,21,50,497,518,1,9,30
1217,multivers_20,76,50,466,542,0,0,76
1222,multivers_20,15,50,438,453,1,5,20
1233,multivers_20,16,50,436,452,1,6,22
1240,multivers_20,21,50,438,459,1,8,29
1242,multivers_20,15,50,443,458,0,0,15
1243,multivers_20,23,50,503,526,0,0,23
1250,multivers_20,65,50,496,561,0,0,65
1251,multivers_20,39,50,450,489,1,7,46
1252,multivers_20,39,50,440,479,1,7,46
1256,multivers_20,25,50,540,565,0,0,25
1264,multivers_20,20,50,438,458,0,0,20
1267,multivers_20,18,50,469,487,1,14,32
1277,multivers_20,19,50,497,516,1,9,28
1283,multivers_20,19,50,528,547,1,12,31
1285,multivers_20,19,50,464,483,0,0,19
1286,multivers_20,26,50,502,528,1,4,30
1287,multivers_20,19,50,456,475,1,6,25
1296,multivers_20,19,50,449,468,0,0,19
1299,multivers_20,35,50,509,544,1,16,51
1301,multivers_20,25,50,520,545,1,13,38
1313,multivers_20,29,50,434,463,1,6,35
1317,multivers_20,33,50,435,468,0,0,33
1318,multivers_20,18,50,487,505,1,7,25
1321,multivers_20,23,50,496,519,1,7,30
1326,multivers_20,16,50,469,485,2,23,39
1329,multivers_20,23,50,484,507,1,9,32
1338,multivers_20,22,50,440,462,1,7,29
1343,multivers_20,34,50,429,463,0,0,34
1354,multivers_20,19,50,486,505,1,6,25
1357,multivers_20,20,50,433,453,1,6,26
1365,multivers_20,21,50,566,587,0,0,21
1369,multivers_20,16,50,483,499,0,0,16
1377,multivers_20,16,50,475,491,1,13,29
1384,multivers_20,21,50,389,410,2,17,38
1388,multivers_20,16,50,486,502,1,5,21
1396,multivers_20,16,50,444,460,0,0,16
1399,multivers_20,19,50,489,508,0,0,19
1408,multivers_20,16,50,439,455,0,0,16
7,vert5erini,20,50,455,475,1,12,32
8,vert5erini,34,50,593,627,0,0,34
16,vert5erini,18,50,486,504,0,0,18
23,vert5erini,28,50,589,617,3,37,65
29,vert5erini,25,50,548,573,15,176,201
31,vert5erini,25,50,528,553,1,10,35
33,vert5erini,20,50,540,560,13,136,156
38,vert5erini,20,50,491,511,3,28,48
59,vert5erini,23,50,441,464,1,6,29
65,vert5erini,17,50,491,508,2,17,34
83,vert5erini,31,50,486,517,0,0,31
84,vert5erini,19,50,430,449,4,28,47
87,vert5erini,19,50,395,414,3,23,42
97,vert5erini,18,50,541,559,1,19,37
101,vert5erini,19,50,442,461,6,56,75
102,vert5erini,17,50,494,511,0,0,17
103,vert5erini,35,50,486,521,0,0,35
107,vert5erini,21,50,528,549,12,99,120
110,vert5erini,24,50,443,467,0,0,24
117,vert5erini,21,50,513,534,5,53,74
125,vert5erini,26,50,445,471,0,0,26
131,vert5erini,12,50,485,497,7,62,74
135,vert5erini,24,50,552,576,6,60,84
136,vert5erini,20,50,556,576,8,94,114
145,vert5erini,34,50,456,490,6,73,107
147,vert5erini,35,50,475,510,7,78,113
150,vert5erini,17,50,448,465,9,70,87
151,vert5erini,10,50,424,434,17,156,166
158,vert5erini,25,50,447,472,2,25,50
162,vert5erini,17,50,430,447,9,77,94
170,vert5erini,12,50,483,495,20,226,238
188,vert5erini,29,50,373,402,0,0,29
190,vert5erini,31,50,445,476,2,17,48
191,vert5erini,17,50,492,509,5,42,59
192,vert5erini,17,50,514,531,7,60,77
193,vert5erini,21,50,446,467,7,63,84
194,vert5erini,22,50,388,410,5,43,65
195,vert5erini,21,50,384,405,5,44,65
202,vert5erini,28,50,489,517,3,23,51
206,vert5erini,11,50,392,403,3,19,30
207,vert5erini,13,50,492,505,16,144,157
215,vert5erini,12,50,394,406,11,102,114
231,vert5erini,29,50,463,492,5,46,75
234,vert5erini,22,50,455,477,20,179,201
240,vert5erini,13,50,440,453,4,32,45
257,vert5erini,17,50,448,465,1,10,27
260,vert5erini,28,50,468,496,11,116,144
270,vert5erini,9,50,488,497,11,148,157
271,vert5erini,12,50,471,483,5,80,92
273,vert5erini,40,50,651,691,3,116,156
276,vert5erini,36,50,435,471,8,66,102
282,vert5erini,18,50,377,395,4,32,50
284,vert5erini,16,50,513,529,3,28,44
288,vert5erini,32,50,436,468,3,21,53
289,vert5erini,21,50,371,392,4,33,54
291,vert5erini,22,50,845,867,5,73,95
297,vert5erini,29,50,402,431,4,37,66
302,vert5erini,27,50,454,481,0,0,27
307,vert5erini,15,50,458,473,4,39,54
311,vert5erini,20,50,485,505,2,25,45
318,vert5erini,24,50,487,511,1,7,31
319,vert5erini,25,50,476,501,1,7,32
320,vert5erini,25,50,434,459,10,88,113
321,vert5erini,27,50,425,452,2,16,43
322,vert5erini,25,50,448,473,1,5,30
328,vert5erini,22,50,459,481,9,86,108
329,vert5erini,27,50,443,470,1,11,38
344,vert5erini,31,50,483,514,0,0,31
348,vert5erini,31,50,510,541,6,71,102
353,vert5erini,13,50,471,484,4,41,54
359,vert5erini,19,50,449,468,1,5,24
360,vert5erini,19,50,465,484,1,5,24
373,vert5erini,26,50,420,446,1,12,38
374,vert5erini,25,50,418,443,23,200,225
387,vert5erini,21,50,390,411,0,0,21
395,vert5erini,19,50,493,512,2,22,41
402,vert5erini,27,50,500,527,0,0,27
408,vert5erini,18,50,457,475,2,24,42
409,vert5erini,20,50,459,479,3,34,54
412,vert5erini,29,50,412,441,2,27,56
419,vert5erini,33,50,445,478,1,9,42
424,vert5erini,24,50,522,546,0,0,24
433,vert5erini,14,50,414,428,0,0,14
438,vert5erini,34,50,588,622,0,0,34
442,vert5erini,18,50,471,489,3,27,45
446,vert5erini,27,50,469,496,1,12,39
451,vert5erini,13,50,499,512,10,114,127
457,vert5erini,23,50,489,512,0,0,23
459,vert5erini,25,50,496,521,7,98,123
460,vert5erini,15,50,468,483,2,21,36
462,vert5erini,18,50,474,492,3,30,48
464,vert5erini,26,50,383,409,5,38,64
465,vert5erini,25,50,385,410,6,49,74
467,vert5erini,28,50,579,607,1,16,44
468,vert5erini,12,50,520,532,6,87,99
471,vert5erini,34,50,429,463,0,0,34
476,vert5erini,23,50,452,475,1,8,31
477,vert5erini,24,50,420,444,2,15,39
496,vert5erini,14,50,483,497,1,9,23
497,vert5erini,15,50,500,515,0,0,15
510,vert5erini,25,50,429,454,3,22,47
511,vert5erini,25,50,429,454,3,22,47
512,vert5erini,10,50,578,588,8,77,87
518,vert5erini,12,50,473,485,2,18,30
519,vert5erini,22,50,492,514,2,17,39
520,vert5erini,22,50,497,519,3,26,48
522,vert5erini,13,50,486,499,1,18,31
534,vert5erini,15,50,451,466,24,226,241
538,vert5erini,13,50,487,500,6,72,85
543,vert5erini,33,50,436,469,1,5,38
546,vert5erini,18,50,479,497,4,29,47
556,vert5erini,21,50,459,480,0,0,21
558,vert5erini,18,50,472,490,2,17,35
561,vert5erini,27,50,460,487,1,11,38
567,vert5erini,41,50,416,457,11,93,134
581,vert5erini,30,50,405,435,3,28,58
586,vert5erini,18,50,508,526,0,0,18
596,vert5erini,18,50,545,563,1,15,33
599,vert5erini,13,50,538,551,12,144,157
608,vert5erini,20,50,472,492,7,68,88
627,vert5erini,32,50,506,538,3,28,60
629,vert5erini,23,50,519,542,0,0,23
630,vert5erini,23,50,492,515,2,19,42
634,vert5erini,37,50,459,496,3,35,72
639,vert5erini,31,50,452,483,0,0,31
656,vert5erini,28,50,393,421,2,9,37
664,vert5erini,29,50,454,483,2,13,42
675,vert5erini,12,50,434,446,6,55,67
678,vert5erini,13,50,420,433,9,77,90
695,vert5erini,29,50,482,511,3,28,57
697,vert5erini,13,50,443,456,5,51,64
699,vert5erini,33,50,508,541,0,0,33
701,vert5erini,20,50,422,442,0,0,20
711,vert5erini,29,50,447,476,1,14,43
712,vert5erini,29,50,472,501,1,14,43
719,vert5erini,19,50,593,612,1,9,28
720,vert5erini,17,50,627,644,2,17,34
722,vert5erini,28,50,504,532,2,15,43
731,vert5erini,26,50,396,422,0,0,26
735,vert5erini,18,50,429,447,7,55,73
741,vert5erini,35,50,475,510,1,9,44
750,vert5erini,14,50,488,502,2,45,59
754,vert5erini,12,50,534,546,5,55,67
763,vert5erini,23,50,545,568,1,16,39
769,vert5erini,17,50,496,513,21,226,243
786,vert5erini,31,50,475,506,0,0,31
794,vert5erini,22,50,379,401,32,243,265
796,vert5erini,21,50,460,481,34,296,317
806,vert5erini,18,50,487,505,2,22,40
809,vert5erini,26,50,436,462,18,148,174
819,vert5erini,19,50,456,475,8,68,87
824,vert5erini,19,50,491,510,1,16,35
827,vert5erini,17,50,440,457,0,0,17
829,vert5erini,17,50,518,535,0,0,17
833,vert5erini,18,50,426,444,1,9,27
836,vert5erini,21,50,415,436,10,83,104
842,vert5erini,24,50,379,403,10,99,123
843,vert5erini,24,50,386,410,11,105,129
849,vert5erini,23,50,606,629,0,0,23
850,vert5erini,41,50,440,481,1,7,48
851,vert5erini,23,50,478,501,1,17,40
862,vert5erini,23,50,513,536,3,22,45
864,vert5erini,16,50,425,441,10,74,90
865,vert5erini,32,50,410,442,1,7,39
868,vert5erini,11,50,654,665,9,102,113
869,vert5erini,11,50,654,665,9,102,113
872,vert5erini,13,50,474,487,32,320,333
874,vert5erini,11,50,592,603,4,61,72
875,vert5erini,11,50,590,601,4,61,72
878,vert5erini,27,50,498,525,1,8,35
888,vert5erini,28,50,605,633,3,32,60
889,vert5erini,29,50,595,624,4,41,70
892,vert5erini,21,50,418,439,1,6,27
905,vert5erini,20,50,389,409,1,12,32
906,vert5erini,21,50,381,402,0,0,21
915,vert5erini,32,50,421,453,0,0,32
918,vert5erini,14,50,667,681,1,13,27
920,vert5erini,15,50,518,533,7,69,84
924,vert5erini,15,50,543,558,2,19,34
931,vert5erini,15,50,443,458,2,24,39
932,vert5erini,20,50,471,491,7,65,85
937,vert5erini,15,50,464,479,20,188,203
943,vert5erini,21,50,459,480,1,8,29
947,vert5erini,21,50,505,526,1,11,32
950,vert5erini,19,50,449,468,4,37,56
958,vert5erini,36,50,448,484,1,6,42
961,vert5erini,24,50,497,521,14,133,157
966,vert5erini,25,50,457,482,1,8,33
968,vert5erini,26,50,447,473,0,0,26
981,vert5erini,34,50,476,510,5,48,82
983,vert5erini,28,50,448,476,0,0,28
986,vert5erini,27,50,433,460,6,57,84
987,vert5erini,24,50,468,492,2,20,44
991,vert5erini,12,50,443,455,3,28,40
995,vert5erini,21,50,416,437,1,8,29
1010,vert5erini,23,50,531,554,16,172,195
1013,vert5erini,14,50,449,463,2,19,33
1017,vert5erini,13,50,486,499,0,0,13
1022,vert5erini,29,50,518,547,2,24,53
1039,vert5erini,29,50,396,425,1,6,35
1051,vert5erini,21,50,595,616,11,125,146
1057,vert5erini,19,50,484,503,0,0,19
1059,vert5erini,30,50,379,409,1,7,37
1060,vert5erini,31,50,368,399,1,7,38
1061,vert5erini,30,50,427,457,1,12,42
1063,vert5erini,23,50,482,505,2,21,44
1064,vert5erini,19,50,452,471,1,7,26
1066,vert5erini,19,50,466,485,17,142,161
1076,vert5erini,12,50,440,452,13,125,137
1077,vert5erini,13,50,457,470,28,250,263
1080,vert5erini,14,50,477,491,1,18,32
1082,vert5erini,22,50,634,656,2,36,58
1083,vert5erini,20,50,540,560,0,0,20
1092,vert5erini,29,50,372,401,5,40,69
1093,vert5erini,30,50,397,427,4,25,55
1094,vert5erini,14,50,589,603,6,99,113
1095,vert5erini,20,50,453,473,2,16,36
1108,vert5erini,13,50,472,485,3,41,54
1113,vert5erini,28,50,424,452,6,52,80
1116,vert5erini,16,50,453,469,5,57,73
1117,vert5erini,21,50,434,455,0,0,21
1122,vert5erini,29,50,433,462,0,0,29
1123,vert5erini,29,50,428,457,2,15,44
1124,vert5erini,30,50,438,468,1,8,38
1129,vert5erini,29,50,390,419,6,39,68
1131,vert5erini,32,50,436,468,3,23,55
1143,vert5erini,26,50,482,508,2,17,43
1147,vert5erini,14,50,526,540,4,72,86
1149,vert5erini,19,50,420,439,1,8,27
1151,vert5erini,35,50,507,542,1,13,48
1152,vert5erini,35,50,501,536,1,13,48
1154,vert5erini,40,50,410,450,1,7,47
1155,vert5erini,16,50,547,563,20,237,253
1160,vert5erini,13,50,497,510,22,213,226
1167,vert5erini,35,50,435,470,0,0,35
1172,vert5erini,21,50,441,462,2,14,35
1189,vert5erini,29,50,483,512,2,20,49
1192,vert5erini,25,50,457,482,0,0,25
1198,vert5erini,26,50,413,439,0,0,26
1201,vert5erini,42,50,457,499,0,0,42
1203,vert5erini,24,50,497,521,3,29,53
1217,vert5erini,83,50,466,549,0,0,83
1222,vert5erini,18,50,438,456,4,32,50
1233,vert5erini,20,50,436,456,2,18,38
1240,vert5erini,25,50,438,463,4,36,61
1242,vert5erini,18,50,443,461,2,15,33
1243,vert5erini,28,50,503,531,4,36,64
1250,vert5erini,69,50,496,565,0,0,69
1251,vert5erini,49,50,450,499,1,11,60
1252,vert5erini,49,50,440,489,0,0,49
1256,vert5erini,24,50,540,564,0,0,24
1264,vert5erini,31,50,438,469,0,0,31
1267,vert5erini,18,50,469,487,24,230,248
1277,vert5erini,23,50,497,520,1,9,32
1283,vert5erini,18,50,528,546,1,12,30
1285,vert5erini,20,50,464,484,0,0,20
1286,vert5erini,30,50,502,532,1,4,34
1287,vert5erini,19,50,456,475,8,79,98
1296,vert5erini,20,50,449,469,30,291,311
1299,vert5erini,36,50,509,545,0,0,36
1301,vert5erini,25,50,520,545,0,0,25
1313,vert5erini,37,50,434,471,4,36,73
1317,vert5erini,35,50,435,470,0,0,35
1318,vert5erini,18,50,487,505,1,9,27
1321,vert5erini,25,50,496,521,6,53,78
1326,vert5erini,19,50,469,488,6,60,79
1329,vert5erini,28,50,484,512,7,83,111
1338,vert5erini,26,50,440,466,3,28,54
1343,vert5erini,40,50,429,469,1,6,46
1354,vert5erini,21,50,486,507,3,22,43
1357,vert5erini,24,50,433,457,3,21,45
1365,vert5erini,22,50,566,588,0,0,22
1369,vert5erini,17,50,483,500,3,26,43
1377,vert5erini,17,50,475,492,6,72,89
1384,vert5erini,24,50,389,413,4,34,58
1388,vert5erini,20,50,486,506,1,5,25
1396,vert5erini,19,50,444,463,2,17,36
1399,vert5erini,20,50,489,509,1,10,30
1408,vert5erini,19,50,439,458,0,0,19
